125854782.09230769
-133067228.34615384
-90560658.31578948
57008138.72463768
-86761981.83018868
-38457825.25
-40757766.77142857
75079260.0
146861102.87931034
373428022.0952381
-302971066.0967742
-50009175.945454545
-149998961.42424244
-507017156.08
131091386.23809524
196669965.97674417
236898481.8
-36008365.676470585
-17228254.07142857
316221953.5121951
1397782.1818181819
-71857912.25974026
60202284.28125
-36250676.58730159
10210631.782608695
-28389734.183098592
32692498.026666667
-66594406.9
112113446.13559322
-32189987.48888889
-274689136.3783784
-127198498.5
-6986796.8
126211762.92
-40935479.5
-64739866.65753425
-159158576.83333334
-141460672.96969697
195559634.47368422
-113968443.70175439
-506741720.0
213345291.9047619
-59600617.10958904
-458969223.8518519
103010106.93023255
-56871843.644067794
-155844025.53846154
137341198.33846155
-48612563.77551021
-39123732.50649351
-2403526.3974358975
59405190.5
-191277.95
-39330786.25
166953407.10344827
-168506028.1346154
-139772928.28169015
18800381.888888888
-29090343.82352941
-197331095.70909092
213511489.03846154
107012047.28301887
77075885.2
-158595230.3939394
56008288.975
-255493622.4878049
147432152.73913044
