17425
17509
12521
14564
9944
9258
6770
7983
7723
10155
17066
10771
13055
8870
11500
6970
16736
10603
9853
6275
15602
13253
19635
12782
5929
11611
12811
18250
11158
14079
11077
9251
16464
11649
12887
14621
15596
6572
10544
6925
19345
12996
6648
12248
14938
6201
14281
17338
11277
7576
17671
18703
18207
16087
17191
19064
17146
19008
6251
13589
7579
8095
12912
16897
13196
9922
12425
14928
19457
8824
19190
7480
17138
14364
7717
12366
15404
9187
17956
10710
8164
14999
14981
17027
13393
9090
18424
17648
16416
9631
15149
11451
13118
14071
8678
7592
7270
11014
16097
13314
18214
5657
11110
13802
8124
5930
13415
8681
6860
14377
12597
8937
15785
14669
14021
11485
8638
12652
6892
10305
11630
8635
10739
7170
15899
8504
7977
7450
11987
18042
13646
7662
9025
16611
14344
12078
8161
16213
7366
10897
14518
18140
11289
6591
8433
15619
10943
17152
9941
7488
16315
10092
6800
19979
12205
12575
15367
10429
13894
12580
11267
6909
13135
7783
17162
9079
17435
8315
6008
11002
13165
14383
15602
13178
9199
6940
16242
8085
13968
15599
11813
19306
19960
17402
17577
17745
17029
16314
15565
9544
13008
7137
19436
13179
6923
11029
7146
11653
17904
19557
11651
10951
13065
13356
9084
8396
16277
12344
16385
19453
17837
6636
11675
10711
16140
16281
6509
16945
15448
11625
17914
17763
14586
10947
10661
18981
17240
11787
8497
12089
15656
17615
13316
9205
13114
15344
8063
10879
17494
15446
17064
12975
17380
17107
9724
6371
13070
11185
11329
10608
10625
19033
8758
6790
17888
9921
13338
19253
7606
8919
11433
6355
16523
8750
14704
14310
19060
11229
17354
14027
13209
10817
9633
6399
12197
12979
7307
11654
9776
7841
16611
15619
5652
10070
17710
10116
5835
16400
7724
11161
7875
13687
7835
10427
15548
10772
5997
7650
9303
19752
17480
11462
11328
14801
16635
11853
15283
10559
18397
17712
19150
13073
17104
6560
15017
14244
19061
14186
10406
12100
7262
19541
7318
12242
17166
10926
5884
18156
14944
13990
6631
13442
12969
16303
8552
7858
11202
10702
17275
16207
8631
19295
15563
13634
11705
6478
16528
14280
15970
12563
9157
8645
6621
9281
18621
8472
13525
16720
13713
9550
17185
8737
7710
7729
13204
13815
8850
9850
18981
6558
14917
10820
14997
8443
10810
14694
18578
13402
19258
17660
12335
11704
6993
17529
15616
13703
8259
9424
10589
10689
10790
17944
14844
11806
13724
7253
13024
12936
14864
15988
12204
12560
6221
17456
15973
15366
14760
16647
9408
11644
11003
10008
11949
16327
16034
9930
9408
17909
8571
19693
18939
18593
18248
6288
17588
10964
12704
18252
11108
8728
16198
13480
9166
6749
11212
18867
12349
14909
17052
8768
19380
15103
10599
18475
13474
10558
7643
5702
9289
14818
6900
9986
7645
14984
6030
11468
5843
12519
8028
7620
14610
17505
14873
10843
19867
11086
6788
6822
16165
13189
6944
13266
6769
8594
16916
13287
10867
13460
7016
9879
8021
6164
11330
14364
9539
15422
7381
13573
19765
9455
17382
19419
12633
8554
16991
10298
19532
9864
16758
18174
15020
16191
7018
18374
12633
16403
11974
12108
10559
6343
16326
6553
15952
5790
11492
8361
8878
17292
17528
19726
13947
12669
16523
15597
6709
16865
16737
8347
12080
10028
7977
17986
17882
17778
6961
9106
18822
12068
18590
7036
15453
13188
7884
18233
11377
16928
16833
15512
11739
14799
9342
17325
11230
19844
15973
12891
12950
9981
7012
18285
15472
9848
19585
7969
18588
11729
16857
14737
9136
18048
14174
18229
13598
12035
16436
19737
17469
12632
9004
16534
14282
7107
13062
16840
8791
18746
14297
17105
16641
16178
16845
12593
11446
8279
9405
9185
8946
8708
8639
16544
12285
11124
15236
19288
17771
17740
16779
14411
13696
10048
18712
8354
7977
16008
17835
10845
16571
12057
6692
11030
12318
17793
14360
14249
14823
15485
12676
10556
8436
5826
12114
8608
11287
13967
10139
17941
5675
7439
6976
11822
14817
17812
5851
16133
12409
15499
18590
11512
11658
18752
16788
14825
10100
7105
11875
13202
14529
16791
9539
15791
12490
13157
12651
19107
18340
17948
11137
11712
6867
10200
8642
11759
15370
15902
7475
12334
17779
19801
7715
16122
14775
9620
6238
6976
15418
6890
13490
18327
12913
5839
11677
11224
16839
8107
17655
8587
14672
18646
16300
13387
10059
6731
5995
11204
6748
6972
14678
7339
19925
10067
12454
19957
10989
19105
6920
6381
9964
15771
7458
6549
14483
17712
13113
17740
12553
11981
9636
17597
9518
15349
18185
19007
7453
13999
12731
16330
13234
9113
16358
16294
18047
15956
11418
14717
16082
17080
11615
9566
15612
9407
7186
12888
5973
9414
17675
9897
7399
12343
9969
7595
18109
10382
6813
12832
16414
9533
9375
13859
16149
18440
14101
9762
15316
15077
13841
12509
19011
11928
11899
6688
16708
13277
13496
16200
15560
14747
14063
17881
18031
18770
19913
10172
10950
13602
11423
16463
5876
6866
14946
9441
9893
10930
18505
9485
6869
7450
11056
10147
18854
19156
15842
12529
9891
13984
8254
9345
17978
16882
15786
14052
6457
8086
9715
8938
17605
19976
17604
11712
9179
15555
9884
9853
12368
11768
6175
14732
6507
8228
14070
19912
14851
12265
5644
14144
19115
12293
11871
5955
6941
11890
16783
16719
15692
14459
10790
10458
16748
9830
7113
9505
10257
14943
9809
8200
7946
16411
8428
8392
9664
13287
19020
8664
12849
12662
10380
9814
17366
10033
7547
18109
15706
13303
10325
17476
15629
13357
11086
9569
14136
17431
15242
13054
16819
12032
15314
12885
8972
9122
9273
14900
9805
11468
13991
12889
11632
7889
9681
11474
13247
15020
18957
6423
8904
11603
16282
18929
10633
6100
10164
14229
17781
12229
13915
15570
12008
12891
10176
12074
10667
7398
11398
12085
11161
14954
19777
17678
14806
14694
14289
13317
12484
11652
10573
19415
15443
14222
19837
19397
15366
19930
17434
18861
7574
8011
5779
10490
8903
9183
5821
14194
14893
6656
17904
6729
18871
6906
8341
16631
14415
6709
9856
8998
6274
18995
16056
13118
8924
10371
13805
16436
9785
7588
9731
8684
12734
7364
18234
18527
17178
13236
12246
11256
8414
6938
7236
10031
17011
6613
14479
11049
13536
6810
8117
13378
17794
7435
19776
12601
9991
14259
7989
6349
13194
15390
8835
12799
8313
9295
17844
11465
15616
9832
5950
19900
14138
10484
18506
16905
9864
16835
16954
10344
17650
18939
16942
15501
19167
18811
16998
17979
17653
8367
8546
5780
13077
16208
9625
13334
17044
18062
16082
14103
7328
17181
17270
6275
11933
14239
9697
19651
13837
7990
13506
9439
18716
10752
6547
6620
17204
16881
10501
17685
7032
16807
12535
16984
19353
9025
19053
19007
12940
17371
7367
10603
15733
18406
11679
15667
13359
11600
18727
12566
7987
12323
16648
15451
13301
11152
19257
18273
8098
14306
17747
12352
13842
7294
19618
5877
17572
17162
14322
12883
16436
6598
7247
17819
6249
8984
16687
16740
16653
16908
18146
7919
9943
11578
16405
13339
16934
7697
16597
7757
13566
10927
16991
8485
8312
16742
16189
19752
16225
12699
15602
19143
7571
18832
11764
11151
8375
15524
12422
17249
13508
17968
15747
11716
12386
10867
9349
8718
6846
16026
10088
12368
14391
8914
12227
12992
13913
6674
6855
11646
9530
14159
11785
13414
11382
19441
19033
6718
17966
8662
16348
13539
16399
17697
9348
9845
10309
10773
7826
13092
18469
7955
13971
10164
19388
12338
8075
6935
6580
8157
17685
15603
13383
13448
13513
16568
9784
14548
19190
16535
13881
14771
15662
16426
19327
12589
5851
18454
14214
16118
18113
15599
17104
11994
7867
7329
19735
10267
7264
10646
10507
6152
14783
8724
19916
18808
7110
13312
12768
10881
19337
15401
9902
19792
6742
13524
9656
6691
12104
12310
13743
7207
11979
12116
14182
19028
6675
10958
5719
18609
5807
9837
14650
19464
10424
15563
9834
18390
18059
12001
7123
7055
12620
18023
5957
7701
12427
10370
12099
11329
10138
12022
12042
19795
5890
15574
16738
16951
13239
12961
12703
6037
18632
8811
13365
10230
6575
15183
14993
6598
7936
12214
5730
7844
11894
8983
16909
13245
11464
7003
7972
10185
7592
6813
14972
8379
6300
15566
14911
19217
16434
7901
11644
12668
13118
18481
15789
17889
18766
18912
13407
10224
19500
15245
19893
10205
6140
17518
14217
10721
8880
8940
9001
12758
16515
19374
6646
10874
15103
6969
9238
9775
11147
12783
17935
16588
15242
9752
13628
6068
18659
9208
7966
6521
16600
10776
9653
7892
11898
6816
8314
9383
7952
17788
8220
8179
12201
13051
15041
18871
6214
12520
12444
6276
12615
6917
16965
14589
18658
9172
12270
14795
9075
9255
12742
9559
16661
5917
11091
8500
19763
18955
17271
12773
15165
7269
14057
7752
9145
10539
14548
15487
19563
18840
16571
16387
12147
7908
15505
7330
14599
18513
8857
11289
13721
7031
9452
9467
7857
8972
19758
14741
12535
10330
9054
18205
17950
14994
8596
19374
16748
8025
9131
13543
17417
16670
16741
18535
9825
18766
10495
10214
11768
12911
14163
17429
8264
11463
16265
17556
18180
16142
7201
16781
14700
19526
14508
9490
9687
8602
12116
17711
15352
13614
5866
8035
11396
14758
14759
11957
12329
9947
8239
10273
9938
9034
19790
9831
7009
7931
17106
12341
7803
10162
17733
6646
7971
12259
15694
19008
16877
18537
18084
10627
10848
11231
9531
19679
12470
17446
19768
15205
18710
6405
6129
13126
14243
19303
14246
19634
9657
10376
11095
8481
11410
10790
10170
12543
14542
8326
10586
10936
10805
7737
10596
11646
12601
11382
15594
16404
15998
16795
17592
12945
11124
8105
13190
13622
18211
10749
17827
10588
6779
19452
17632
9347
15815
8087
14907
13058
11209
5724
17066
11627
9027
14742
8556
18892
17277
11246
11174
11102
14579
10123
14393
8675
6616
10274
18000
11213
18034
13183
6088
5933
9877
12315
16190
6770
14156
16901
6126
11510
6035
16094
16101
16108
11810
11984
17772
12130
17441
15926
14411
12362
13985
15609
19332
11867
17139
13984
14634
17438
7875
8705
6206
10049
12050
17867
18974
10583
10924
15318
19462
16611
7820
16932
17219
17045
5822
19622
11166
11311
19328
18370
9491
12475
15988
8588
10000
14547
19094
14074
15752
8091
7601
14773
11612
17149
17051
15224
12246
7736
13632
18295
16582
17548
7946
14245
17112
11406
5701
7111
18852
10985
14123
11048
15522
19996
12633
6250
18017
17648
15374
8299
10242
16357
19945
18231
16517
18825
15263
17241
5882
18698
17215
19002
5976
14044
13720
17157
14526
17519
5795
19805
7392
18830
12724
17505
14445
9496
7084
11942
16801
15398
7478
6229
9466
6817
6049
18788
18895
18136
8229
12951
8054
13149
6551
11270
13760
17962
12652
11290
9928
12725
17797
12814
15366
17711
6076
19790
7782
14544
13391
12201
9821
15178
17930
18166
9420
12405
17966
9733
8162
12215
7754
9417
12091
11232
7824
19041
8451
9767
11083
9538
12326
19120
19899
17096
14678
15144
10891
14035
19200
8392
8705
17020
16328
13249
9697
6119
9827
6774
12894
10289
15618
19890
6762
5960
8168
17098
18644
5687
16436
13718
18917
17199
17848
9615
11599
16333
10848
7949
6024
14582
9930
19468
16457
8406
7403
6979
12063
6817
5910
14408
12741
15721
19260
6021
17120
8487
8255
19400
16796
10463
14073
13294
12516
12053
17914
8087
12810
13016
8793
15964
19524
19654
11127
8842
19281
9312
6672
16075
11187
14722
7308
7213
7118
7943
19622
5885
17764
9418
19865
14610
18731
19393
6564
6462
7584
7043
19610
11827
5816
6601
10061
16907
15448
17384
19271
17885
16499
15953
10060
13476
16979
15812
14888
16560
9902
10035
5741
12542
11824
9458
6863
9313
6372
7101
9797
12493
16594
16002
11060
16798
7587
7229
9280
17694
8464
18882
11176
13143
8096
10616
11982
19096
15701
13891
9024
15401
17459
14530
16682
18834
18871
12983
17799
16659
15006
14070
8101
19023
16110
15180
14519
18656
8872
5964
15336
5639
6152
7582
16307
12907
7783
7818
18220
8021
6151
12105
7752
18576
19509
10365
14269
18097
15823
16769
8772
9541
8110
16299
19644
12958
8641
7970
14506
8817
19058
10412
7534
18171
19085
6669
11801
18242
17974
5653
5702
14148
17705
6939
9921
13347
14109
14871
17866
17467
7663
7932
5684
10088
14492
9065
15789
11485
17276
7924
13707
11436
17925
9725
19250
9179
9794
17463
11075
9826
8297
8661
6829
11128
17734
14230
13067
10217
15889
9709
15237
19465
13248
15181
17541
9029
19848
12352
18154
6996
7089
19249
6223
11393
17206
8871
19988
7102
13952
16982
6996
15096
9644
19264
17196
15128
13658
8203
12176
8651
7170
15163
11958
8753
14822
13762
6853
19298
13643
6878
19533
19742
11625
6298
12480
8504
16385
17304
7395
11055
5827
18910
17567
16224
10880
12736
19936
17089
19316
9690
19025
14431
16086
15020
10214
17486
14258
19057
16279
15119
13125
9084
16347
7022
17247
7738
12064
7376
17132
16424
14070
7012
9566
10914
8800
16587
8487
13754
7917
12617
17317
13099
8882
9811
19965
6504
6967
18319
15440
18034
7189
9201
11623
18252
14618
8546
10144
11994
9055
5651
8504
18514
6130
5953
11673
17393
16903
11729
14085
8513
18136
16442
17629
18817
10107
18543
9572
11784
15047
6068
10309
8017
11591
11782
10456
5964
7022
6646
14682
13402
12075
13450
7765
15469
10728
5987
11741
9626
7511
14690
12185
19625
9807
13755
8763
7108
8174
12580
12296
17208
10173
12363
15315
9468
8657
7064
8344
14815
9479
18629
7388
9735
17249
19480
19261
16042
15937
19547
9946
9037
5829
8202
15409
18918
9689
9834
10358
15268
10706
5982
9692
8728
12792
16403
5627
9201
8991
13049
19746
10360
14927
10129
18339
10613
17739
17222
16706
13275
12241
9509
13910
13291
14340
19495
7474
16877
10557
10799
19222
16687
13565
12822
10756
8690
13423
11831
13810
19122
16338
8278
12521
9004
12259
5789
18935
7092
14261
12787
9465
16587
14373
9578
12529
9387
6246
16260
9529
14168
11867
5682
12138
9078
11975
13058
19475
19390
19306
15537
11513
8713
13129
14175
5922
15538
7180
17115
18318
7493
15859
15559
18139
5733
18072
9118
6948
12799
14362
10693
9370
12863
14968
7379
8100
10870
11883
14914
18445
18231
18017
11068
6857
8496
7894
10334
12775
12863
12952
13576
11048
8826
12871
14031
6995
11025
11510
12863
11909
10344
8635
18929
15339
8583
7354
14002
16619
19162
19229
12684
17214
18906
13471
9250
16744
6896
16128
